1.849953342266725531e-01
1.220791156950380013e-01
1.207852838906118415e-01
1.228427198403926474e-01
9.455383371057018982e-01
9.166822346179542835e-01
3.093723097092731522e-01
9.361829995226170903e-03
2.275558606560521280e-01
1.893130717333150748e-01
1.697399275907390259e-01
1.204080287687952916e-01
8.265533095424636434e-01
9.178534967365323261e-02
8.516397133853524926e-01
3.987170085802559799e-02
2.916344819751700013e-01
1.510439882291620961e-01
2.708835861206131956e-01
6.273139793134784037e-02
1.450786931187070805e-01
2.209632023867867112e-01
1.217282313852795506e-01
4.457694378057538293e-02
2.213137550071865856e-01
2.223133604043243117e-01
3.785960665615131227e-01
9.805251746415831471e-02
9.844233719438130747e-02
1.150523491565442202e-01
4.122508265626077528e-01
5.835676367684561328e-01
7.013397266013618458e-02
1.849199343658578798e-01
7.390333552177479060e-02
2.900645570659787786e-01
3.640263855704183871e-01
2.808386181157666028e-01
1.038725376964755864e-01
1.818640961211241691e-02
2.285281410319544571e-01
6.809466511043066328e-02
2.028854519380954569e-01
3.156093257834641785e-01
8.909837322693862915e-02
2.237065378900652268e-01
2.562076751182404966e-01
3.695713842753312744e-02
1.410424753662911368e-01
1.568386889026096853e-01
9.317855752250543411e-01
7.358836239715368377e-01
7.833305532340958388e-01
8.592675204480220152e-01
5.865927227599592175e-01
8.451064948208925065e-01
9.096532642508078359e-01
6.675485726775760575e-01
6.507423244513721450e-01
9.565950930866196078e-01
8.962023757547148417e-01
4.227020741532793169e-01
9.773337770985509598e-01
6.752938631771437938e-01
5.098909783464249390e-01
9.794628853660255485e-01
9.524517944614069309e-01
8.125922120926666326e-01
9.021820083108945676e-01
4.216910686020879928e-01
6.252297762673750814e-01
4.783866352525124044e-01
3.509581964924344266e-01
9.847919194818250954e-01
2.575119949449496959e-01
8.466291331986256496e-01
8.244665104725393823e-01
7.249136104500814026e-01
8.390147466707426060e-02
7.632555597005051817e-01
7.534911261321016740e-01
8.903322705379711488e-01
8.931204495929435661e-01
9.624907496946214502e-01
7.666126822281413844e-01
9.547908337114459076e-01
9.955925620260563935e-01
4.095736105911048641e-01
9.809345619056988319e-01
8.975747110840247567e-01
7.353312153409365948e-01
4.907089544743106768e-01
5.643886821784542818e-01
8.609824534894073844e-01
2.190553041848845583e-01
9.477372882778244412e-01
8.910611593715290768e-01
6.731991935626421286e-01
8.274172562558119726e-01
9.788009695636117335e-01
