5.814773626224703507e-02
7.565007280838022437e-03
6.940038546011609993e-03
1.191586121092905876e-02
1.195899395565624621e-02
2.672794061401898708e-02
1.389078365677380578e-02
7.292062965015746329e-04
2.281304928047844446e-02
4.364658663771212033e-03
8.889681823526937587e-03
9.491112055390547517e-03
1.177478520057388678e-02
1.233133875827798626e-02
3.736208886067202226e-03
8.495805432323674800e-02
3.205212747950176438e-03
7.112306013704268286e-03
1.812703381464926544e-02
2.303090747967912258e-03
2.471335941453700006e-03
2.503436775244600662e-02
1.393840808579919002e-02
1.839294715395569171e-02
1.210979314832394361e-03
1.540661613080437572e-03
5.660211817446214946e-03
4.424571491950487351e-02
3.117041232622988229e-03
1.014375907850211950e-01
1.509796314794050430e-02
2.965881095130865498e-03
1.239166298343106825e-03
3.636606720244620148e-03
3.731682496817916028e-02
1.234753324461855192e-02
3.634090869903645188e-02
4.831977319730359349e-02
4.295516182777176298e-03
4.543472361171095424e-03
1.233014245132963219e-02
5.040615781439011615e-03
1.970133604062670324e-03
1.888067191595326627e-02
1.200988359827125616e-02
1.927900276219286432e-02
3.084108708986605871e-03
1.047528153394272155e-03
8.440074536980443284e-03
2.025290595548144001e-01
1.078827328339113968e-02
2.131916669609167092e-02
5.020449446764299779e-03
2.176370068778050657e-02
1.183177652277065360e-02
1.386241812934270977e-03
1.284657091265359492e-02
9.627510881447972485e-03
1.794229099898744448e-02
1.012424609127011467e-02
5.085581664559899774e-03
3.713212012504325723e-03
7.504697429107771945e-04
2.218501911167431728e-01
1.310375475864916095e-01
1.067255149853343354e-01
1.010249879725821920e-01
1.287700032375438397e-01
1.227229527149887728e-01
2.552246774762663151e-01
3.850391970269316788e-01
2.059237101338703968e-01
1.994648164130992940e-01
1.551511572413257212e-01
2.129186635746950218e-01
9.937293352301299065e-02
1.530721742645754502e-01
1.260138177662955550e-01
1.660286308273503930e-01
6.793878621256470296e-02
1.558186598635255826e-01
3.934838395073468886e-01
2.085013847029105194e-01
1.726930126676161359e-01
1.043624220273653980e-01
9.382867030661645735e-02
1.165291107274121080e-01
1.854612618776802502e-01
2.777956615665636564e-01
1.661340922654442331e-01
1.083225533782812694e-01
1.590798954920308872e-01
1.253199239766896733e-01
1.709773099515859152e-01
1.370583930767112490e-01
2.408634972251252060e-01
1.992383240075807083e-01
1.059163892556976710e-01
1.896590795307707411e-01
2.314301597141412981e-01
2.947510135297216061e-01
1.600532113273625545e-01
1.439182024032452101e-01
2.281081666874388569e-01
7.446672444761974485e-02
1.452053894380784804e-01
1.537639313700252808e-01
2.029662436657042879e-01
1.209944677633241067e-01
9.218046146438776955e-02
2.246482689522086296e-01
8.455879738085755881e-02
1.892616801880994959e-01
9.607557676047404072e-02
7.507959800839454634e-02
2.145776675242554443e-01
2.674766140397021874e-01
1.221464155179962235e-01
2.150373834658849681e-01
1.570365414178229724e-01
1.387473669871810977e-01
1.393112953356096251e-01
1.133427008809295977e-01
1.860127684134628423e-01
2.775947848266680507e-01
5.350169600371285777e-02
