9.621976862166560451e+00
6.041814046092398804e+00
1.236396787934803498e+01
6.330165762382540251e+00
2.148558565430627354e+01
4.943883458096514971e+00
6.442008778440849071e+00
6.575431886920927838e+00
8.250470660464920059e+00
5.093916346511396576e+00
4.037665262441128888e+00
5.516889861162198372e+00
7.314267214044307686e+00
7.995016226107551915e+00
7.378763315629722541e+00
7.970508317675578880e+00
6.981943597419680181e+00
1.359490483187122756e+01
7.642686059520894304e+00
9.003443070803250237e+00
6.237777436207557535e+00
1.133763493922358379e+01
7.732142669293010862e+00
5.981423920948012452e+00
4.830911241166107040e+00
4.077638434399218248e+00
1.511327714818502166e+01
4.308562476573999156e+00
1.601477659667600761e+01
4.002049630310811956e+00
8.730902547939704661e+00
7.030189681235586185e+00
6.702759188770352594e+00
1.165330878550452631e+01
1.018034152395307501e+01
1.239638320931269178e+01
7.441726051515209051e+00
5.725196947028419636e+00
1.008570698893919193e+01
3.946104472409519559e+00
3.301838747197422208e+00
1.368076521104920573e+01
4.901401869185363580e+00
8.079959934761218321e+00
1.762463117155576242e+01
1.025722374394830361e+01
9.945226167777880377e+00
5.660848490996330362e+00
6.496074064237017609e+00
1.236423802263482052e+01
6.467295989884052076e+00
8.749066232163080770e+00
9.766482751357958847e+00
5.119830486712800166e+00
1.323043271112210739e+01
6.044742319668045205e+00
5.655678754710139700e+00
1.005003017603542403e+01
9.319290738288019682e+00
9.730755434883750610e+00
6.151313237796489197e+00
6.930826554918934512e+00
1.428544415889276031e+01
5.442334458992966972e+00
1.747696159146077122e+01
4.740966838429875985e+00
7.839398221506622910e+00
4.406064783840699661e+00
1.438481927625258017e+01
7.784097845756615008e+00
4.369419035366130188e+00
1.598477243457204189e+01
7.015881049884055365e+00
1.062807202800489392e+01
1.274969522211953432e+01
1.395027268794895647e+01
4.545890819142922368e+00
1.309876930758942670e+01
5.302909620780718036e+00
5.875535865200718355e+00
1.085476775032394592e+01
1.034623331275262892e+01
1.518821791702152169e+01
3.529502178451206174e+00
3.560326267085576646e+00
7.068109903544135264e+00
2.570932682961797866e+01
2.678844529671393637e+00
1.851763574666902556e+01
8.314911659459658821e+00
4.759557952287646110e+00
5.724369146565062572e+00
6.607146355970216156e+00
4.636397784653031984e+00
1.555614684789557600e+01
6.151038111561693000e+00
7.445390980999480490e+00
8.613080624192768653e+00
8.340725276295678725e+00
1.609892276291488500e+01
8.356317288195283410e+00
1.954622132894215980e+01
1.144755694892613995e+01
1.270760341074326938e+01
8.649472444060933185e+00
2.942507809868596613e+00
8.208794036055845567e+00
5.523214302631973105e+00
7.678295087627601490e+00
1.005741278148261664e+01
6.898851749549566037e+00
1.003288193068401668e+01
4.522965691185046211e+00
9.765181830259097140e+00
1.439834442446404950e+01
2.164448279192604829e+01
1.533356461529817416e+01
1.290814619772371508e+01
6.120628291549648381e+00
9.434025677961857426e+00
7.450567939625841518e+00
9.869730091257252980e+00
4.701637030356243585e+00
7.375198710724896856e+00
4.326892396104019767e+00
1.386029401049131593e+01
1.181492958986055264e+01
1.522726062490768051e+01
8.814602393765991195e+00
6.390289375775965119e+00
3.789070495466852595e+00
5.048483841055873889e+00
4.645142935407352347e+00
1.702597100266700991e+01
8.005088766910921194e+00
1.388359081325651267e+01
1.805710736288964569e+01
6.088843778268870466e+00
1.040249355611006443e+01
1.271434347052608871e+01
1.361710586572081993e+01
1.000499699064723202e+01
1.455232981118176383e+01
1.075511571343661998e+01
1.955294828553676467e+01
8.174768539002593926e+00
1.765148648632599659e+01
1.304506278051980672e+01
4.117550408984210542e+00
8.130397636984323384e+00
7.791273874924352860e+00
7.699633805442065437e+00
1.550131377478849970e+01
1.334877880206829026e+01
1.256849470619810560e+01
5.192794234280173171e+00
5.897461401780490498e+00
6.272097526784172317e+00
3.202896173293909854e+00
3.910720296966655241e+00
3.314258667119063251e+00
7.712674720325333411e+00
8.421304849922016444e+00
7.085705295584592278e+00
6.220228055914490461e+00
1.193051640811483871e+01
1.507877844973788406e+01
6.992608705968154759e+00
1.141682195884135176e+01
1.066363958693061775e+01
1.794350244565845642e+01
9.520714413974650014e+00
3.541349072848694046e+00
1.166073673109178266e+01
1.842473957135026552e+01
4.652546569839976165e+00
1.816494536622455414e+01
1.352262102912825270e+01
4.892355555739479556e+00
7.969693880369212557e+00
1.540277006928529069e+01
1.532859206402831020e+01
9.893822990231591064e+00
5.532616773028419033e+00
8.620102919568857658e+00
7.133953890689724631e+00
8.529504793389774520e+00
7.862945996794292292e+00
7.037518208430844524e+00
3.595566637871931537e+00
8.966858982142458245e+00
1.537424768772652328e+01
5.820782422906738418e+00
4.077305184260376691e+00
5.319265018616050611e+00
5.205745635484849032e+00
1.313935663470097914e+01
1.179549182994111867e+01
1.025801268139218614e+01
1.261760786776639875e+01
4.369396182390854477e+00
2.964868781881056403e+00
3.970817655470617158e+00
7.478091869257734281e+00
8.602995628033001552e+00
5.165953518770001196e+00
9.748799250355498103e+00
5.790119420679603834e+00
6.549038262160673085e+00
5.080601192832035373e+00
1.008973812022858496e+01
4.557101045926925664e+00
5.807316549882370005e+00
6.909769866544928085e+00
3.583141134246436543e+00
7.419419382312833378e+00
3.619524972487365488e+00
7.443615601731579545e+00
3.879828413291777967e+00
5.388393981186402115e+00
8.966774540292400175e+00
1.589268264611959225e+01
1.278580227737923636e+01
6.843288200612619221e+00
6.495068286687827985e+00
1.126356825328216082e+01
1.180724677618048801e+01
7.552886219639565191e+00
4.974198813347139314e+00
1.016836594922787640e+01
7.335871105988449159e+00
4.684172680140516576e+00
1.111630712092758522e+01
1.093190090272584136e+01
3.918325197126814707e+00
7.606838246263158076e+00
4.772731500461360632e+00
9.803500759129448738e+00
9.843829058632461937e+00
2.156133015171743494e+01
8.971674466354377486e+00
4.574841947653033536e+00
9.308001216269909506e+00
8.459844603277245412e+00
9.938821158810325684e+00
1.121349385911774021e+01
8.410991165305459205e+00
5.592523261867386353e+00
1.225892063451587077e+01
7.984782790216861770e+00
